3000   0   3000
3000   0   3000
3000   0   3000
3000   0   3000
3000   0   3000
3000   0   3000
3000   0   3000
3000   0   3000
3000   0   3000
3000   0   3000
3000   0   3000
3000   0   3000
3000   0   3000
3000   0   3000
3000   0   3000
3000   0   3000
3000   0   3000
3000   0   3000
3000   0   3000
3000   0   3000
3000   0   3000
3000   0   3000
3000   0   3000
3000   0   3000
3000   0   3000
3000   0   3000
3000   0   3000
3000   0   3000
3000   0   3000
3000   0   3000
3000   0   3000
3000   0   3000
3000   0   3000
3000   0   3000
3000   0   3000
3000   0   3000
3000   0   3000
3000   0   3000
3000   0   3000
3000   0   3000
3000   0   3000
3000   0   3000
3000   0   3000
3000   0   3000
3000   0   3000
3000   0   3000
3000   0   3000
3000   0   3000
3000   0   3000
3000   0   3000
3000   0   3000
3000   0   3000
3000   0   3000
3000   0   3000
3000   0   3000
3000   0   3000
3000   0   3000
3000   0   3000
3000   0   3000
3000   0   3000
3000   0   3000
3000   0   3000
3000   0   3000
3000   0   3000
3000   0   3000

#Bins Emin  Emax
#the last raw is the general setting
